37.971417	,	-87.529813	,	0
37.971418	,	-87.529812	,	1
37.971419	,	-87.529811	,	2
37.97142	,	-87.52981	,	3
37.971421	,	-87.529809	,	4
37.971422	,	-87.529808	,	5
37.971423	,	-87.529807	,	6
37.971424	,	-87.529806	,	7
37.971425	,	-87.529805	,	8
37.971426	,	-87.529804	,	9
37.971427	,	-87.529803	,	10
37.971428	,	-87.529802	,	11
37.971429	,	-87.529801	,	12
37.97143	,	-87.5298	,	13
37.971431	,	-87.529799	,	14
37.971432	,	-87.529798	,	15
37.971433	,	-87.529797	,	16
37.971434	,	-87.529796	,	17
37.971435	,	-87.529795	,	18
37.971436	,	-87.529794	,	19
37.971437	,	-87.529793	,	20
37.971438	,	-87.529792	,	21
37.971439	,	-87.529791	,	22
37.97144	,	-87.52979	,	23
37.971441	,	-87.529789	,	24
37.971442	,	-87.529788	,	25
37.971443	,	-87.529787	,	26
37.971444	,	-87.529786	,	27
37.971445	,	-87.529785	,	28
37.971446	,	-87.529784	,	29
37.971447	,	-87.529783	,	30
37.971448	,	-87.529782	,	31
37.971449	,	-87.529781	,	32
37.97145	,	-87.52978	,	33
37.971451	,	-87.529779	,	34
37.971452	,	-87.529778	,	35
37.971453	,	-87.529777	,	36
37.971454	,	-87.529776	,	37
37.971455	,	-87.529775	,	38
37.971456	,	-87.529774	,	39
37.971457	,	-87.529773	,	40
37.971458	,	-87.529772	,	41
37.971459	,	-87.529771	,	42
37.97146	,	-87.52977	,	43
37.971461	,	-87.529769	,	44
37.971462	,	-87.529768	,	45
37.971463	,	-87.529767	,	46
37.971464	,	-87.529766	,	47
37.971465	,	-87.529765	,	48
37.971466	,	-87.529764	,	49
37.971467	,	-87.529763	,	50
37.971468	,	-87.529762	,	51
37.971469	,	-87.529761	,	52
37.97147	,	-87.52976	,	53
37.971471	,	-87.529759	,	54
37.971472	,	-87.529758	,	55
37.971473	,	-87.529757	,	56
37.971474	,	-87.529756	,	57
37.971475	,	-87.529755	,	58
37.971476	,	-87.529754	,	59
37.971477	,	-87.529753	,	60
37.971478	,	-87.529752	,	61
37.971479	,	-87.529751	,	62
37.97148	,	-87.52975	,	63
37.971481	,	-87.529749	,	64
37.971482	,	-87.529748	,	65
37.971483	,	-87.529747	,	66
37.971484	,	-87.529746	,	67
37.971485	,	-87.529745	,	68
37.971486	,	-87.529744	,	69
37.971487	,	-87.529743	,	70
37.971488	,	-87.529742	,	71
37.971489	,	-87.529741	,	72
37.97149	,	-87.52974	,	73
37.971491	,	-87.529739	,	74
37.971492	,	-87.529738	,	75
37.971493	,	-87.529737	,	76
37.971494	,	-87.529736	,	77
37.971495	,	-87.529735	,	78
37.971496	,	-87.529734	,	79
37.971497	,	-87.529733	,	80
37.971498	,	-87.529732	,	81
37.971499	,	-87.529731	,	82
37.9715	,	-87.52973	,	83
37.971501	,	-87.529729	,	84
37.971502	,	-87.529728	,	85
37.971503	,	-87.529727	,	86
37.971504	,	-87.529726	,	87
37.971505	,	-87.529725	,	88
37.971506	,	-87.529724	,	89
37.971507	,	-87.529723	,	90
37.971508	,	-87.529722	,	91
37.971509	,	-87.529721	,	92
37.97151	,	-87.52972	,	93
37.971511	,	-87.529719	,	94
37.971512	,	-87.529718	,	95
37.971513	,	-87.529717	,	96
37.971514	,	-87.529716	,	97
37.971515	,	-87.529715	,	98
37.971516	,	-87.529714	,	99
37.971517	,	-87.529713	,	100
37.971518	,	-87.529712	,	101
37.971519	,	-87.529711	,	102
37.97152	,	-87.52971	,	103
37.971521	,	-87.529709	,	104
37.971522	,	-87.529708	,	105
37.971523	,	-87.529707	,	106
37.971524	,	-87.529706	,	107
37.971525	,	-87.529705	,	108
37.971526	,	-87.529704	,	109
37.971527	,	-87.529703	,	110
37.971528	,	-87.529702	,	111
37.971529	,	-87.529701	,	112
37.97153	,	-87.5297	,	113
37.971531	,	-87.529699	,	114
37.971532	,	-87.529698	,	115
37.971533	,	-87.529697	,	116
37.971534	,	-87.529696	,	117
37.971535	,	-87.529695	,	118
37.971536	,	-87.529694	,	119
37.971537	,	-87.529693	,	120
37.971538	,	-87.529692	,	121
37.971539	,	-87.529691	,	122
37.97154	,	-87.52969	,	123
37.971541	,	-87.529689	,	124
37.971542	,	-87.529688	,	125
37.971543	,	-87.529687	,	126
37.971544	,	-87.529686	,	127
37.971545	,	-87.529685	,	128
37.971546	,	-87.529684	,	129
37.971547	,	-87.529683	,	130
37.971548	,	-87.529682	,	131
37.971549	,	-87.529681	,	132
37.97155	,	-87.52968	,	133
37.971551	,	-87.529679	,	134
37.971552	,	-87.529678	,	135
37.971553	,	-87.529677	,	136
37.971554	,	-87.529676	,	137
37.971555	,	-87.529675	,	138
37.971556	,	-87.529674	,	139
37.971557	,	-87.529673	,	140
37.971558	,	-87.529672	,	141
37.971559	,	-87.529671	,	142
37.97156	,	-87.52967	,	143
37.971561	,	-87.529669	,	144
37.971562	,	-87.529668	,	145
37.971563	,	-87.529667	,	146
37.971564	,	-87.529666	,	147
37.971565	,	-87.529665	,	148
37.971566	,	-87.529664	,	149
37.971567	,	-87.529663	,	150
37.971568	,	-87.529662	,	151
37.971569	,	-87.529661	,	152
37.97157	,	-87.52966	,	153
37.971571	,	-87.529659	,	154
37.971572	,	-87.529658	,	155
37.971573	,	-87.529657	,	156
37.971574	,	-87.529656	,	157
37.971575	,	-87.529655	,	158
37.971576	,	-87.529654	,	159
37.971577	,	-87.529653	,	160
37.971578	,	-87.529652	,	161
37.971579	,	-87.529651	,	162
37.97158	,	-87.52965	,	163
37.971581	,	-87.529649	,	164
37.971582	,	-87.529648	,	165
37.971583	,	-87.529647	,	166
37.971584	,	-87.529646	,	167
37.971585	,	-87.529645	,	168
37.971586	,	-87.529644	,	169
37.971587	,	-87.529643	,	170
37.971588	,	-87.529642	,	171
37.971589	,	-87.529641	,	172
37.97159	,	-87.52964	,	173
37.971591	,	-87.529639	,	174
37.971592	,	-87.529638	,	175
37.971593	,	-87.529637	,	176
37.971594	,	-87.529636	,	177
37.971595	,	-87.529635	,	178
37.971596	,	-87.529634	,	179
37.971597	,	-87.529633	,	180
37.971598	,	-87.529632	,	181
37.971599	,	-87.529631	,	182
37.9716	,	-87.52963	,	183
37.971601	,	-87.529629	,	184
37.971602	,	-87.529628	,	185
37.971603	,	-87.529627	,	186
37.971604	,	-87.529626	,	187
37.971605	,	-87.529625	,	188
37.971606	,	-87.529624	,	189
37.971607	,	-87.529623	,	190
37.971608	,	-87.529622	,	191
37.971609	,	-87.529621	,	192
37.97161	,	-87.52962	,	193
37.971611	,	-87.529619	,	194
37.971612	,	-87.529618	,	195
37.971613	,	-87.529617	,	196
37.971614	,	-87.529616	,	197
37.971615	,	-87.529615	,	198
37.971616	,	-87.529614	,	199
37.971617	,	-87.529613	,	200
37.971618	,	-87.529612	,	201
37.971619	,	-87.529611	,	202
37.97162	,	-87.52961	,	203
37.971621	,	-87.529609	,	204
37.971622	,	-87.529608	,	205
37.971623	,	-87.529607	,	206
37.971624	,	-87.529606	,	207
37.971625	,	-87.529605	,	208
37.971626	,	-87.529604	,	209
37.971627	,	-87.529603	,	210
37.971628	,	-87.529602	,	211
37.971629	,	-87.529601	,	212
37.97163	,	-87.5296	,	213
37.971631	,	-87.529599	,	214
37.971632	,	-87.529598	,	215
37.971633	,	-87.529597	,	216
37.971634	,	-87.529596	,	217
37.971635	,	-87.529595	,	218
37.971636	,	-87.529594	,	219
37.971637	,	-87.529593	,	220
37.971638	,	-87.529592	,	221
37.971639	,	-87.529591	,	222
37.97164	,	-87.52959	,	223
37.971641	,	-87.529589	,	224
37.971642	,	-87.529588	,	225
37.971643	,	-87.529587	,	226
37.971644	,	-87.529586	,	227
37.971645	,	-87.529585	,	228
37.971646	,	-87.529584	,	229
37.971647	,	-87.529583	,	230
37.971648	,	-87.529582	,	231
37.971649	,	-87.529581	,	232
37.97165	,	-87.52958	,	233
37.971651	,	-87.529579	,	234
37.971652	,	-87.529578	,	235
37.971653	,	-87.529577	,	236
37.971654	,	-87.529576	,	237
37.971655	,	-87.529575	,	238
37.971656	,	-87.529574	,	239
37.971657	,	-87.529573	,	240
37.971658	,	-87.529572	,	241
37.971659	,	-87.529571	,	242
37.97166	,	-87.52957	,	243
37.971661	,	-87.529569	,	244
37.971662	,	-87.529568	,	245
37.971663	,	-87.529567	,	246
37.971664	,	-87.529566	,	247
37.971665	,	-87.529565	,	248
37.971666	,	-87.529564	,	249
37.971667	,	-87.529563	,	250
37.971668	,	-87.529562	,	251
37.971669	,	-87.529561	,	252
37.97167	,	-87.52956	,	253
37.971671	,	-87.529559	,	254
37.971672	,	-87.529558	,	255
37.971673	,	-87.529557	,	256
37.971674	,	-87.529556	,	257
37.971675	,	-87.529555	,	258
37.971676	,	-87.529554	,	259
37.971677	,	-87.529553	,	260
37.971678	,	-87.529552	,	261
37.971679	,	-87.529551	,	262
37.97168	,	-87.52955	,	263
37.971681	,	-87.529549	,	264
37.971682	,	-87.529548	,	265
37.971683	,	-87.529547	,	266
37.971684	,	-87.529546	,	267
37.971685	,	-87.529545	,	268
37.971686	,	-87.529544	,	269
37.971687	,	-87.529543	,	270
37.971688	,	-87.529542	,	271
37.971689	,	-87.529541	,	272
37.97169	,	-87.52954	,	273
37.971691	,	-87.529539	,	274
37.971692	,	-87.529538	,	275
37.971693	,	-87.529537	,	276
37.971694	,	-87.529536	,	277
37.971695	,	-87.529535	,	278
37.971696	,	-87.529534	,	279
37.971697	,	-87.529533	,	280
37.971698	,	-87.529532	,	281
37.971699	,	-87.529531	,	282
37.9717	,	-87.52953	,	283
37.971701	,	-87.529529	,	284
37.971702	,	-87.529528	,	285
37.971703	,	-87.529527	,	286
37.971704	,	-87.529526	,	287
37.971705	,	-87.529525	,	288
37.971706	,	-87.529524	,	289
37.971707	,	-87.529523	,	290
37.971708	,	-87.529522	,	291
37.971709	,	-87.529521	,	292
37.97171	,	-87.52952	,	293
37.971711	,	-87.529519	,	294
37.971712	,	-87.529518	,	295
37.971713	,	-87.529517	,	296
37.971714	,	-87.529516	,	297
37.971715	,	-87.529515	,	298
37.971716	,	-87.529514	,	299
37.971717	,	-87.529513	,	300
37.971718	,	-87.529512	,	301
37.971719	,	-87.529511	,	302
37.97172	,	-87.52951	,	303
37.971721	,	-87.529509	,	304
37.971722	,	-87.529508	,	305
37.971723	,	-87.529507	,	306
37.971724	,	-87.529506	,	307
37.971725	,	-87.529505	,	308
37.971726	,	-87.529504	,	309
37.971727	,	-87.529503	,	310
37.971728	,	-87.529502	,	311
37.971729	,	-87.529501	,	312
37.97173	,	-87.5295	,	313
37.971731	,	-87.529499	,	314
37.971732	,	-87.529498	,	315
37.971733	,	-87.529497	,	316
37.971734	,	-87.529496	,	317
37.971735	,	-87.529495	,	318
37.971736	,	-87.529494	,	319
37.971737	,	-87.529493	,	320
37.971738	,	-87.529492	,	321
37.971739	,	-87.529491	,	322
37.97174	,	-87.52949	,	323
37.971741	,	-87.529489	,	324
37.971742	,	-87.529488	,	325
37.971743	,	-87.529487	,	326
37.971744	,	-87.529486	,	327
37.971745	,	-87.529485	,	328
37.971746	,	-87.529484	,	329
37.971747	,	-87.529483	,	330
37.971748	,	-87.529482	,	331
37.971749	,	-87.529481	,	332
37.97175	,	-87.52948	,	333
37.971751	,	-87.529479	,	334
37.971752	,	-87.529478	,	335
37.971753	,	-87.529477	,	336
37.971754	,	-87.529476	,	337
37.971755	,	-87.529475	,	338
37.971756	,	-87.529474	,	339
37.971757	,	-87.529473	,	340
37.971758	,	-87.529472	,	341
37.971759	,	-87.529471	,	342
37.97176	,	-87.52947	,	343
37.971761	,	-87.529469	,	344
37.971762	,	-87.529468	,	345
37.971763	,	-87.529467	,	346
37.971764	,	-87.529466	,	347
37.971765	,	-87.529465	,	348
37.971766	,	-87.529464	,	349
37.971767	,	-87.529463	,	350
37.971768	,	-87.529462	,	351
37.971769	,	-87.529461	,	352
37.97177	,	-87.52946	,	353
37.971771	,	-87.529459	,	354
37.971772	,	-87.529458	,	355
37.971773	,	-87.529457	,	356
37.971774	,	-87.529456	,	357
37.971775	,	-87.529455	,	358
37.971776	,	-87.529454	,	359
37.971777	,	-87.529453	,	360
37.971778	,	-87.529452	,	361
37.971779	,	-87.529451	,	362
37.97178	,	-87.52945	,	363
37.971781	,	-87.529449	,	364
37.971782	,	-87.529448	,	365
37.971783	,	-87.529447	,	366
37.971784	,	-87.529446	,	367
37.971785	,	-87.529445	,	368
37.971786	,	-87.529444	,	369
37.971787	,	-87.529443	,	370
37.971788	,	-87.529442	,	371
37.971789	,	-87.529441	,	372
37.97179	,	-87.52944	,	373
37.971791	,	-87.529439	,	374
37.971792	,	-87.529438	,	375
37.971793	,	-87.529437	,	376
37.971794	,	-87.529436	,	377
37.971795	,	-87.529435	,	378
37.971796	,	-87.529434	,	379
37.971797	,	-87.529433	,	380
37.971798	,	-87.529432	,	381
37.971799	,	-87.529431	,	382
37.9718	,	-87.52943	,	383
37.971801	,	-87.529429	,	384
37.971802	,	-87.529428	,	385
37.971803	,	-87.529427	,	386
37.971804	,	-87.529426	,	387
37.971805	,	-87.529425	,	388
37.971806	,	-87.529424	,	389
37.971807	,	-87.529423	,	390
37.971808	,	-87.529422	,	391
37.971809	,	-87.529421	,	392
37.97181	,	-87.52942	,	393
37.971811	,	-87.529419	,	394
37.971812	,	-87.529418	,	395
37.971813	,	-87.529417	,	396
37.971814	,	-87.529416	,	397
37.971815	,	-87.529415	,	398
37.971816	,	-87.529414	,	399
37.971817	,	-87.529413	,	400
37.971818	,	-87.529412	,	401
37.971819	,	-87.529411	,	402
37.97182	,	-87.52941	,	403
37.971821	,	-87.529409	,	404
37.971822	,	-87.529408	,	405
37.971823	,	-87.529407	,	406
37.971824	,	-87.529406	,	407
37.971825	,	-87.529405	,	408
37.971826	,	-87.529404	,	409
37.971827	,	-87.529403	,	410
37.971828	,	-87.529402	,	411
37.971829	,	-87.529401	,	412
37.97183	,	-87.5294	,	413
37.971831	,	-87.529399	,	414
37.971832	,	-87.529398	,	415
37.971833	,	-87.529397	,	416
37.971834	,	-87.529396	,	417
37.971835	,	-87.529395	,	418
37.971836	,	-87.529394	,	419
37.971837	,	-87.529393	,	420
37.971838	,	-87.529392	,	421
37.971839	,	-87.529391	,	422
37.97184	,	-87.52939	,	423
37.971841	,	-87.529389	,	424
37.971842	,	-87.529388	,	425
37.971843	,	-87.529387	,	426
37.971844	,	-87.529386	,	427
37.971845	,	-87.529385	,	428
37.971846	,	-87.529384	,	429
37.971847	,	-87.529383	,	430
37.971848	,	-87.529382	,	431
37.971849	,	-87.529381	,	432
37.97185	,	-87.52938	,	433
37.971851	,	-87.529379	,	434
37.971852	,	-87.529378	,	435
37.971853	,	-87.529377	,	436
37.971854	,	-87.529376	,	437
37.971855	,	-87.529375	,	438
37.971856	,	-87.529374	,	439
37.971857	,	-87.529373	,	440
37.971858	,	-87.529372	,	441
37.971859	,	-87.529371	,	442
37.97186	,	-87.52937	,	443
37.971861	,	-87.529369	,	444
37.971862	,	-87.529368	,	445
37.971863	,	-87.529367	,	446
37.971864	,	-87.529366	,	447
37.971865	,	-87.529365	,	448
37.971866	,	-87.529364	,	449
37.971867	,	-87.529363	,	450
37.971868	,	-87.529362	,	451
37.971869	,	-87.529361	,	452
37.97187	,	-87.52936	,	453
37.971871	,	-87.529359	,	454
37.971872	,	-87.529358	,	455
37.971873	,	-87.529357	,	456
37.971874	,	-87.529356	,	457
37.971875	,	-87.529355	,	458
37.971876	,	-87.529354	,	459
37.971877	,	-87.529353	,	460
37.971878	,	-87.529352	,	461
37.971879	,	-87.529351	,	462
37.97188	,	-87.52935	,	463
37.971881	,	-87.529349	,	464
37.971882	,	-87.529348	,	465
37.971883	,	-87.529347	,	466
37.971884	,	-87.529346	,	467
37.971885	,	-87.529345	,	468
37.971886	,	-87.529344	,	469
37.971887	,	-87.529343	,	470
37.971888	,	-87.529342	,	471
37.971889	,	-87.529341	,	472
37.97189	,	-87.52934	,	473
37.971891	,	-87.529339	,	474
37.971892	,	-87.529338	,	475
37.971893	,	-87.529337	,	476
37.971894	,	-87.529336	,	477
37.971895	,	-87.529335	,	478
37.971896	,	-87.529334	,	479
37.971897	,	-87.529333	,	480
37.971898	,	-87.529332	,	481
37.971899	,	-87.529331	,	482
37.9719	,	-87.52933	,	483
37.971901	,	-87.529329	,	484
37.971902	,	-87.529328	,	485
37.971903	,	-87.529327	,	486
37.971904	,	-87.529326	,	487
37.971905	,	-87.529325	,	488
37.971906	,	-87.529324	,	489
37.971907	,	-87.529323	,	490
37.971908	,	-87.529322	,	491
37.971909	,	-87.529321	,	492
37.97191	,	-87.52932	,	493
37.971911	,	-87.529319	,	494
37.971912	,	-87.529318	,	495
37.971913	,	-87.529317	,	496
37.971914	,	-87.529316	,	497
37.971915	,	-87.529315	,	498
37.971916	,	-87.529314	,	499
37.971917	,	-87.529313	,	500
37.971918	,	-87.529312	,	501
37.971919	,	-87.529311	,	502
37.97192	,	-87.52931	,	503
37.971921	,	-87.529309	,	504
37.971922	,	-87.529308	,	505
37.971923	,	-87.529307	,	506
37.971924	,	-87.529306	,	507
37.971925	,	-87.529305	,	508
37.971926	,	-87.529304	,	509
37.971927	,	-87.529303	,	510
37.971928	,	-87.529302	,	511
37.971929	,	-87.529301	,	512
37.97193	,	-87.5293	,	513
37.971931	,	-87.529299	,	514
37.971932	,	-87.529298	,	515
37.971933	,	-87.529297	,	516
37.971934	,	-87.529296	,	517
37.971935	,	-87.529295	,	518
37.971936	,	-87.529294	,	519
37.971937	,	-87.529293	,	520
37.971938	,	-87.529292	,	521
37.971939	,	-87.529291	,	522
37.97194	,	-87.52929	,	523
37.971941	,	-87.529289	,	524
37.971942	,	-87.529288	,	525
37.971943	,	-87.529287	,	526
37.971944	,	-87.529286	,	527
37.971945	,	-87.529285	,	528
37.971946	,	-87.529284	,	529
37.971947	,	-87.529283	,	530
37.971948	,	-87.529282	,	531
37.971949	,	-87.529281	,	532
37.97195	,	-87.52928	,	533
37.971951	,	-87.529279	,	534
37.971952	,	-87.529278	,	535
37.971953	,	-87.529277	,	536
37.971954	,	-87.529276	,	537
37.971955	,	-87.529275	,	538
37.971956	,	-87.529274	,	539
37.971957	,	-87.529273	,	540
37.971958	,	-87.529272	,	541
37.971959	,	-87.529271	,	542
37.97196	,	-87.52927	,	543
37.971961	,	-87.529269	,	544
37.971962	,	-87.529268	,	545
37.971963	,	-87.529267	,	546
37.971964	,	-87.529266	,	547
37.971965	,	-87.529265	,	548
37.971966	,	-87.529264	,	549
37.971967	,	-87.529263	,	550
37.971968	,	-87.529262	,	551
37.971969	,	-87.529261	,	552
37.97197	,	-87.52926	,	553
37.971971	,	-87.529259	,	554
37.971972	,	-87.529258	,	555
37.971973	,	-87.529257	,	556
37.971974	,	-87.529256	,	557
37.971975	,	-87.529255	,	558
37.971976	,	-87.529254	,	559
37.971977	,	-87.529253	,	560
37.971978	,	-87.529252	,	561
37.971979	,	-87.529251	,	562
37.97198	,	-87.52925	,	563
37.971981	,	-87.529249	,	564
37.971982	,	-87.529248	,	565
37.971983	,	-87.529247	,	566
37.971984	,	-87.529246	,	567
37.971985	,	-87.529245	,	568
37.971986	,	-87.529244	,	569
37.971987	,	-87.529243	,	570
37.971988	,	-87.529242	,	571
37.971989	,	-87.529241	,	572
37.97199	,	-87.52924	,	573
37.971991	,	-87.529239	,	574
37.971992	,	-87.529238	,	575
37.971993	,	-87.529237	,	576
37.971994	,	-87.529236	,	577
37.971995	,	-87.529235	,	578
37.971996	,	-87.529234	,	579
37.971997	,	-87.529233	,	580
37.971998	,	-87.529232	,	581
37.971999	,	-87.529231	,	582
37.972	,	-87.52923	,	583
37.972001	,	-87.529229	,	584
37.972002	,	-87.529228	,	585
37.972003	,	-87.529227	,	586
37.972004	,	-87.529226	,	587
37.972005	,	-87.529225	,	588
37.972006	,	-87.529224	,	589
37.972007	,	-87.529223	,	590
37.972008	,	-87.529222	,	591
37.972009	,	-87.529221	,	592
37.97201	,	-87.52922	,	593
37.972011	,	-87.529219	,	594
37.972012	,	-87.529218	,	595
37.972013	,	-87.529217	,	596
37.972014	,	-87.529216	,	597
37.972015	,	-87.529215	,	598
37.972016	,	-87.529214	,	599
37.972017	,	-87.529213	,	600
37.972018	,	-87.529212	,	601
37.972019	,	-87.529211	,	602
37.97202	,	-87.52921	,	603
37.972021	,	-87.529209	,	604
37.972022	,	-87.529208	,	605
37.972023	,	-87.529207	,	606
37.972024	,	-87.529206	,	607
37.972025	,	-87.529205	,	608
37.972026	,	-87.529204	,	609
37.972027	,	-87.529203	,	610
37.972028	,	-87.529202	,	611
37.972029	,	-87.529201	,	612
37.97203	,	-87.5292	,	613
37.972031	,	-87.529199	,	614
37.972032	,	-87.529198	,	615
37.972033	,	-87.529197	,	616
37.972034	,	-87.529196	,	617
37.972035	,	-87.529195	,	618
37.972036	,	-87.529194	,	619
37.972037	,	-87.529193	,	620
37.972038	,	-87.529192	,	621
37.972039	,	-87.529191	,	622
37.97204	,	-87.52919	,	623
37.972041	,	-87.529189	,	624
37.972042	,	-87.529188	,	625
37.972043	,	-87.529187	,	626
37.972044	,	-87.529186	,	627
37.972045	,	-87.529185	,	628
37.972046	,	-87.529184	,	629
37.972047	,	-87.529183	,	630
37.972048	,	-87.529182	,	631
37.972049	,	-87.529181	,	632
37.97205	,	-87.52918	,	633
37.972051	,	-87.529179	,	634
37.972052	,	-87.529178	,	635
37.972053	,	-87.529177	,	636
37.972054	,	-87.529176	,	637
37.972055	,	-87.529175	,	638
37.972056	,	-87.529174	,	639
37.972057	,	-87.529173	,	640
37.972058	,	-87.529172	,	641
37.972059	,	-87.529171	,	642
37.97206	,	-87.52917	,	643
37.972061	,	-87.529169	,	644
37.972062	,	-87.529168	,	645
37.972063	,	-87.529167	,	646
37.972064	,	-87.529166	,	647
37.972065	,	-87.529165	,	648
37.972066	,	-87.529164	,	649
37.972067	,	-87.529163	,	650
37.972068	,	-87.529162	,	651
37.972069	,	-87.529161	,	652
37.97207	,	-87.52916	,	653
37.972071	,	-87.529159	,	654
37.972072	,	-87.529158	,	655
37.972073	,	-87.529157	,	656
37.972074	,	-87.529156	,	657
37.972075	,	-87.529155	,	658
37.972076	,	-87.529154	,	659
37.972077	,	-87.529153	,	660
37.972078	,	-87.529152	,	661
37.972079	,	-87.529151	,	662
37.97208	,	-87.52915	,	663
37.972081	,	-87.529149	,	664
37.972082	,	-87.529148	,	665
37.972083	,	-87.529147	,	666
37.972084	,	-87.529146	,	667
37.972085	,	-87.529145	,	668
37.972086	,	-87.529144	,	669
37.972087	,	-87.529143	,	670
37.972088	,	-87.529142	,	671
37.972089	,	-87.529141	,	672
37.97209	,	-87.52914	,	673
37.972091	,	-87.529139	,	674
37.972092	,	-87.529138	,	675
37.972093	,	-87.529137	,	676
37.972094	,	-87.529136	,	677
37.972095	,	-87.529135	,	678
37.972096	,	-87.529134	,	679
37.972097	,	-87.529133	,	680
37.972098	,	-87.529132	,	681
37.972099	,	-87.529131	,	682
37.9721	,	-87.52913	,	683
37.972101	,	-87.529129	,	684
37.972102	,	-87.529128	,	685
37.972103	,	-87.529127	,	686
37.972104	,	-87.529126	,	687
37.972105	,	-87.529125	,	688
37.972106	,	-87.529124	,	689
37.972107	,	-87.529123	,	690
37.972108	,	-87.529122	,	691
37.972109	,	-87.529121	,	692
37.97211	,	-87.52912	,	693
37.972111	,	-87.529119	,	694
37.972112	,	-87.529118	,	695
37.972113	,	-87.529117	,	696
37.972114	,	-87.529116	,	697
37.972115	,	-87.529115	,	698
37.972116	,	-87.529114	,	699
37.972117	,	-87.529113	,	700
37.972118	,	-87.529112	,	701
37.972119	,	-87.529111	,	702
37.97212	,	-87.52911	,	703
37.972121	,	-87.529109	,	704
37.972122	,	-87.529108	,	705
37.972123	,	-87.529107	,	706
37.972124	,	-87.529106	,	707
37.972125	,	-87.529105	,	708
37.972126	,	-87.529104	,	709
37.972127	,	-87.529103	,	710
37.972128	,	-87.529102	,	711
37.972129	,	-87.529101	,	712
37.97213	,	-87.5291	,	713
37.972131	,	-87.529099	,	714
37.972132	,	-87.529098	,	715
37.972133	,	-87.529097	,	716
37.972134	,	-87.529096	,	717
37.972135	,	-87.529095	,	718
37.972136	,	-87.529094	,	719
37.972137	,	-87.529093	,	720
37.972138	,	-87.529092	,	721
37.972139	,	-87.529091	,	722
37.97214	,	-87.52909	,	723
37.972141	,	-87.529089	,	724
37.972142	,	-87.529088	,	725
37.972143	,	-87.529087	,	726
37.972144	,	-87.529086	,	727
37.972145	,	-87.529085	,	728
37.972146	,	-87.529084	,	729
37.972147	,	-87.529083	,	730
37.972148	,	-87.529082	,	731
37.972149	,	-87.529081	,	732
37.97215	,	-87.52908	,	733
37.972151	,	-87.529079	,	734
37.972152	,	-87.529078	,	735
37.972153	,	-87.529077	,	736
37.972154	,	-87.529076	,	737
37.972155	,	-87.529075	,	738
37.972156	,	-87.529074	,	739
37.972157	,	-87.529073	,	740
37.972158	,	-87.529072	,	741
37.972159	,	-87.529071	,	742
37.97216	,	-87.52907	,	743
37.972161	,	-87.529069	,	744
37.972162	,	-87.529068	,	745
37.972163	,	-87.529067	,	746
37.972164	,	-87.529066	,	747
37.972165	,	-87.529065	,	748
37.972166	,	-87.529064	,	749
37.972167	,	-87.529063	,	750
37.972168	,	-87.529062	,	751
37.972169	,	-87.529061	,	752
37.97217	,	-87.52906	,	753
37.972171	,	-87.529059	,	754
37.972172	,	-87.529058	,	755
37.972173	,	-87.529057	,	756
37.972174	,	-87.529056	,	757
37.972175	,	-87.529055	,	758
37.972176	,	-87.529054	,	759
37.972177	,	-87.529053	,	760
37.972178	,	-87.529052	,	761
37.972179	,	-87.529051	,	762
37.97218	,	-87.52905	,	763
37.972181	,	-87.529049	,	764
37.972182	,	-87.529048	,	765
37.972183	,	-87.529047	,	766
37.972184	,	-87.529046	,	767
37.972185	,	-87.529045	,	768
37.972186	,	-87.529044	,	769
37.972187	,	-87.529043	,	770
37.972188	,	-87.529042	,	771
37.972189	,	-87.529041	,	772
37.97219	,	-87.52904	,	773
37.972191	,	-87.529039	,	774
37.972192	,	-87.529038	,	775
37.972193	,	-87.529037	,	776
37.972194	,	-87.529036	,	777
37.972195	,	-87.529035	,	778
37.972196	,	-87.529034	,	779
37.972197	,	-87.529033	,	780
37.972198	,	-87.529032	,	781
37.972199	,	-87.529031	,	782
37.9722	,	-87.52903	,	783
37.972201	,	-87.529029	,	784
37.972202	,	-87.529028	,	785
37.972203	,	-87.529027	,	786
37.972204	,	-87.529026	,	787
37.972205	,	-87.529025	,	788
37.972206	,	-87.529024	,	789
37.972207	,	-87.529023	,	790
37.972208	,	-87.529022	,	791
37.972209	,	-87.529021	,	792
37.97221	,	-87.52902	,	793
37.972211	,	-87.529019	,	794
37.972212	,	-87.529018	,	795
37.972213	,	-87.529017	,	796
37.972214	,	-87.529016	,	797
37.972215	,	-87.529015	,	798
37.972216	,	-87.529014	,	799
37.972217	,	-87.529013	,	800
37.972218	,	-87.529012	,	801
37.972219	,	-87.529011	,	802
37.97222	,	-87.52901	,	803
37.972221	,	-87.529009	,	804
37.972222	,	-87.529008	,	805
37.972223	,	-87.529007	,	806
37.972224	,	-87.529006	,	807
37.972225	,	-87.529005	,	808
37.972226	,	-87.529004	,	809
37.972227	,	-87.529003	,	810
37.972228	,	-87.529002	,	811
37.972229	,	-87.529001	,	812
37.97223	,	-87.529	,	813
37.972231	,	-87.528999	,	814
37.972232	,	-87.528998	,	815
37.972233	,	-87.528997	,	816
37.972234	,	-87.528996	,	817
37.972235	,	-87.528995	,	818
37.972236	,	-87.528994	,	819
37.972237	,	-87.528993	,	820
37.972238	,	-87.528992	,	821
37.972239	,	-87.528991	,	822
37.97224	,	-87.52899	,	823
37.972241	,	-87.528989	,	824
37.972242	,	-87.528988	,	825
37.972243	,	-87.528987	,	826
37.972244	,	-87.528986	,	827
37.972245	,	-87.528985	,	828
37.972246	,	-87.528984	,	829
37.972247	,	-87.528983	,	830
37.972248	,	-87.528982	,	831
37.972249	,	-87.528981	,	832
37.97225	,	-87.52898	,	833
37.972251	,	-87.528979	,	834
37.972252	,	-87.528978	,	835
37.972253	,	-87.528977	,	836
37.972254	,	-87.528976	,	837
37.972255	,	-87.528975	,	838
37.972256	,	-87.528974	,	839
37.972257	,	-87.528973	,	840
37.972258	,	-87.528972	,	841
37.972259	,	-87.528971	,	842
37.97226	,	-87.52897	,	843
37.972261	,	-87.528969	,	844
37.972262	,	-87.528968	,	845
37.972263	,	-87.528967	,	846
37.972264	,	-87.528966	,	847
37.972265	,	-87.528965	,	848
37.972266	,	-87.528964	,	849
37.972267	,	-87.528963	,	850
37.972268	,	-87.528962	,	851
37.972269	,	-87.528961	,	852
37.97227	,	-87.52896	,	853
37.972271	,	-87.528959	,	854
37.972272	,	-87.528958	,	855
37.972273	,	-87.528957	,	856
37.972274	,	-87.528956	,	857
37.972275	,	-87.528955	,	858
37.972276	,	-87.528954	,	859
37.972277	,	-87.528953	,	860
37.972278	,	-87.528952	,	861
37.972279	,	-87.528951	,	862
37.97228	,	-87.52895	,	863
37.972281	,	-87.528949	,	864
37.972282	,	-87.528948	,	865
37.972283	,	-87.528947	,	866
37.972284	,	-87.528946	,	867
37.972285	,	-87.528945	,	868
37.972286	,	-87.528944	,	869
37.972287	,	-87.528943	,	870
37.972288	,	-87.528942	,	871
37.972289	,	-87.528941	,	872
37.97229	,	-87.52894	,	873
37.972291	,	-87.528939	,	874
37.972292	,	-87.528938	,	875
37.972293	,	-87.528937	,	876
37.972294	,	-87.528936	,	877
37.972295	,	-87.528935	,	878
37.972296	,	-87.528934	,	879
37.972297	,	-87.528933	,	880
37.972298	,	-87.528932	,	881
37.972299	,	-87.528931	,	882
37.9723	,	-87.52893	,	883
37.972301	,	-87.528929	,	884
37.972302	,	-87.528928	,	885
37.972303	,	-87.528927	,	886
37.972304	,	-87.528926	,	887
37.972305	,	-87.528925	,	888
37.972306	,	-87.528924	,	889
37.972307	,	-87.528923	,	890
37.972308	,	-87.528922	,	891
37.972309	,	-87.528921	,	892
37.97231	,	-87.52892	,	893
37.972311	,	-87.528919	,	894
37.972312	,	-87.528918	,	895
37.972313	,	-87.528917	,	896
37.972314	,	-87.528916	,	897
37.972315	,	-87.528915	,	898
37.972316	,	-87.528914	,	899
37.972317	,	-87.528913	,	900
37.972318	,	-87.528912	,	901
37.972319	,	-87.528911	,	902
37.97232	,	-87.52891	,	903
37.972321	,	-87.528909	,	904
37.972322	,	-87.528908	,	905
37.972323	,	-87.528907	,	906
37.972324	,	-87.528906	,	907
37.972325	,	-87.528905	,	908
37.972326	,	-87.528904	,	909
37.972327	,	-87.528903	,	910
37.972328	,	-87.528902	,	911
37.972329	,	-87.528901	,	912
37.97233	,	-87.5289	,	913
37.972331	,	-87.528899	,	914
37.972332	,	-87.528898	,	915
37.972333	,	-87.528897	,	916
37.972334	,	-87.528896	,	917
37.972335	,	-87.528895	,	918
37.972336	,	-87.528894	,	919
37.972337	,	-87.528893	,	920
37.972338	,	-87.528892	,	921
37.972339	,	-87.528891	,	922
37.97234	,	-87.52889	,	923
37.972341	,	-87.528889	,	924
37.972342	,	-87.528888	,	925
37.972343	,	-87.528887	,	926
37.972344	,	-87.528886	,	927
37.972345	,	-87.528885	,	928
37.972346	,	-87.528884	,	929
37.972347	,	-87.528883	,	930
37.972348	,	-87.528882	,	931
37.972349	,	-87.528881	,	932
37.97235	,	-87.52888	,	933
37.972351	,	-87.528879	,	934
37.972352	,	-87.528878	,	935
37.972353	,	-87.528877	,	936
37.972354	,	-87.528876	,	937
37.972355	,	-87.528875	,	938
37.972356	,	-87.528874	,	939
37.972357	,	-87.528873	,	940
37.972358	,	-87.528872	,	941
37.972359	,	-87.528871	,	942
37.97236	,	-87.52887	,	943
37.972361	,	-87.528869	,	944
37.972362	,	-87.528868	,	945
37.972363	,	-87.528867	,	946
37.972364	,	-87.528866	,	947
37.972365	,	-87.528865	,	948
37.972366	,	-87.528864	,	949
37.972367	,	-87.528863	,	950
37.972368	,	-87.528862	,	951
37.972369	,	-87.528861	,	952
37.97237	,	-87.52886	,	953
37.972371	,	-87.528859	,	954
37.972372	,	-87.528858	,	955
37.972373	,	-87.528857	,	956
37.972374	,	-87.528856	,	957
37.972375	,	-87.528855	,	958
37.972376	,	-87.528854	,	959
37.972377	,	-87.528853	,	960
37.972378	,	-87.528852	,	961
37.972379	,	-87.528851	,	962
37.97238	,	-87.52885	,	963
37.972381	,	-87.528849	,	964
37.972382	,	-87.528848	,	965
37.972383	,	-87.528847	,	966
37.972384	,	-87.528846	,	967
37.972385	,	-87.528845	,	968
37.972386	,	-87.528844	,	969
37.972387	,	-87.528843	,	970
37.972388	,	-87.528842	,	971
37.972389	,	-87.528841	,	972
37.97239	,	-87.52884	,	973
37.972391	,	-87.528839	,	974
37.972392	,	-87.528838	,	975
37.972393	,	-87.528837	,	976
37.972394	,	-87.528836	,	977
37.972395	,	-87.528835	,	978
37.972396	,	-87.528834	,	979
37.972397	,	-87.528833	,	980
37.972398	,	-87.528832	,	981
37.972399	,	-87.528831	,	982
37.9724	,	-87.52883	,	983
37.972401	,	-87.528829	,	984
37.972402	,	-87.528828	,	985
37.972403	,	-87.528827	,	986
37.972404	,	-87.528826	,	987
37.972405	,	-87.528825	,	988
37.972406	,	-87.528824	,	989
37.972407	,	-87.528823	,	990
37.972408	,	-87.528822	,	991
37.972409	,	-87.528821	,	992
37.97241	,	-87.52882	,	993
37.972411	,	-87.528819	,	994
37.972412	,	-87.528818	,	995
37.972413	,	-87.528817	,	996
37.972414	,	-87.528816	,	997
37.972415	,	-87.528815	,	998
37.972416	,	-87.528814	,	999
37.972417	,	-87.528813	,	1000
37.972418	,	-87.528812	,	1001
37.972419	,	-87.528811	,	1002
37.97242	,	-87.52881	,	1003
37.972421	,	-87.528809	,	1004
37.972422	,	-87.528808	,	1005
37.972423	,	-87.528807	,	1006
37.972424	,	-87.528806	,	1007
37.972425	,	-87.528805	,	1008
37.972426	,	-87.528804	,	1009
37.972427	,	-87.528803	,	1010
37.972428	,	-87.528802	,	1011
37.972429	,	-87.528801	,	1012
37.97243	,	-87.5288	,	1013
37.972431	,	-87.528799	,	1014
37.972432	,	-87.528798	,	1015
37.972433	,	-87.528797	,	1016
37.972434	,	-87.528796	,	1017
37.972435	,	-87.528795	,	1018
37.972436	,	-87.528794	,	1019
37.972437	,	-87.528793	,	1020
37.972438	,	-87.528792	,	1021
37.972439	,	-87.528791	,	1022
37.97244	,	-87.52879	,	1023
37.972441	,	-87.528789	,	1024
37.972442	,	-87.528788	,	1025
37.972443	,	-87.528787	,	1026
37.972444	,	-87.528786	,	1027
37.972445	,	-87.528785	,	1028
37.972446	,	-87.528784	,	1029
37.972447	,	-87.528783	,	1030
37.972448	,	-87.528782	,	1031
37.972449	,	-87.528781	,	1032
37.97245	,	-87.52878	,	1033
37.972451	,	-87.528779	,	1034
37.972452	,	-87.528778	,	1035
37.972453	,	-87.528777	,	1036
37.972454	,	-87.528776	,	1037
37.972455	,	-87.528775	,	1038
37.972456	,	-87.528774	,	1039
37.972457	,	-87.528773	,	1040
37.972458	,	-87.528772	,	1041
37.972459	,	-87.528771	,	1042
37.97246	,	-87.52877	,	1043
37.972461	,	-87.528769	,	1044
37.972462	,	-87.528768	,	1045
37.972463	,	-87.528767	,	1046
37.972464	,	-87.528766	,	1047
37.972465	,	-87.528765	,	1048
37.972466	,	-87.528764	,	1049
37.972467	,	-87.528763	,	1050
37.972468	,	-87.528762	,	1051
37.972469	,	-87.528761	,	1052
37.97247	,	-87.52876	,	1053
37.972471	,	-87.528759	,	1054
37.972472	,	-87.528758	,	1055
37.972473	,	-87.528757	,	1056
37.972474	,	-87.528756	,	1057
37.972475	,	-87.528755	,	1058
37.972476	,	-87.528754	,	1059
37.972477	,	-87.528753	,	1060
37.972478	,	-87.528752	,	1061
37.972479	,	-87.528751	,	1062
37.97248	,	-87.52875	,	1063
37.972481	,	-87.528749	,	1064
37.972482	,	-87.528748	,	1065
37.972483	,	-87.528747	,	1066
37.972484	,	-87.528746	,	1067
37.972485	,	-87.528745	,	1068
37.972486	,	-87.528744	,	1069
37.972487	,	-87.528743	,	1070
37.972488	,	-87.528742	,	1071
37.972489	,	-87.528741	,	1072
37.97249	,	-87.52874	,	1073
37.972491	,	-87.528739	,	1074
37.972492	,	-87.528738	,	1075
37.972493	,	-87.528737	,	1076
37.972494	,	-87.528736	,	1077
37.972495	,	-87.528735	,	1078
37.972496	,	-87.528734	,	1079
37.972497	,	-87.528733	,	1080
37.972498	,	-87.528732	,	1081
37.972499	,	-87.528731	,	1082
37.9725	,	-87.52873	,	1083
37.972501	,	-87.528729	,	1084
37.972502	,	-87.528728	,	1085
37.972503	,	-87.528727	,	1086
37.972504	,	-87.528726	,	1087
37.972505	,	-87.528725	,	1088
37.972506	,	-87.528724	,	1089
37.972507	,	-87.528723	,	1090
37.972508	,	-87.528722	,	1091
37.972509	,	-87.528721	,	1092
37.97251	,	-87.52872	,	1093
37.972511	,	-87.528719	,	1094
37.972512	,	-87.528718	,	1095
37.972513	,	-87.528717	,	1096
37.972514	,	-87.528716	,	1097
37.972515	,	-87.528715	,	1098
37.972516	,	-87.528714	,	1099
37.972517	,	-87.528713	,	1100
37.972518	,	-87.528712	,	1101
37.972519	,	-87.528711	,	1102
37.97252	,	-87.52871	,	1103
37.972521	,	-87.528709	,	1104
37.972522	,	-87.528708	,	1105
37.972523	,	-87.528707	,	1106
37.972524	,	-87.528706	,	1107
37.972525	,	-87.528705	,	1108
37.972526	,	-87.528704	,	1109
37.972527	,	-87.528703	,	1110
37.972528	,	-87.528702	,	1111
37.972529	,	-87.528701	,	1112
37.97253	,	-87.5287	,	1113
37.972531	,	-87.528699	,	1114
37.972532	,	-87.528698	,	1115
37.972533	,	-87.528697	,	1116
37.972534	,	-87.528696	,	1117
37.972535	,	-87.528695	,	1118
37.972536	,	-87.528694	,	1119
37.972537	,	-87.528693	,	1120
37.972538	,	-87.528692	,	1121
37.972539	,	-87.528691	,	1122
37.97254	,	-87.52869	,	1123
37.972541	,	-87.528689	,	1124
37.972542	,	-87.528688	,	1125
37.972543	,	-87.528687	,	1126
37.972544	,	-87.528686	,	1127
37.972545	,	-87.528685	,	1128
37.972546	,	-87.528684	,	1129
37.972547	,	-87.528683	,	1130
37.972548	,	-87.528682	,	1131
37.972549	,	-87.528681	,	1132
37.97255	,	-87.52868	,	1133
37.972551	,	-87.528679	,	1134
37.972552	,	-87.528678	,	1135
37.972553	,	-87.528677	,	1136
37.972554	,	-87.528676	,	1137
37.972555	,	-87.528675	,	1138
37.972556	,	-87.528674	,	1139
37.972557	,	-87.528673	,	1140
37.972558	,	-87.528672	,	1141
37.972559	,	-87.528671	,	1142
37.97256	,	-87.52867	,	1143
37.972561	,	-87.528669	,	1144
37.972562	,	-87.528668	,	1145
37.972563	,	-87.528667	,	1146
37.972564	,	-87.528666	,	1147
37.972565	,	-87.528665	,	1148
37.972566	,	-87.528664	,	1149
37.972567	,	-87.528663	,	1150
37.972568	,	-87.528662	,	1151
37.972569	,	-87.528661	,	1152
37.97257	,	-87.52866	,	1153
37.972571	,	-87.528659	,	1154
37.972572	,	-87.528658	,	1155
37.972573	,	-87.528657	,	1156
37.972574	,	-87.528656	,	1157
37.972575	,	-87.528655	,	1158
37.972576	,	-87.528654	,	1159
37.972577	,	-87.528653	,	1160
37.972578	,	-87.528652	,	1161
37.972579	,	-87.528651	,	1162
37.97258	,	-87.52865	,	1163
37.972581	,	-87.528649	,	1164
37.972582	,	-87.528648	,	1165
37.972583	,	-87.528647	,	1166
37.972584	,	-87.528646	,	1167
37.972585	,	-87.528645	,	1168
37.972586	,	-87.528644	,	1169
37.972587	,	-87.528643	,	1170
37.972588	,	-87.528642	,	1171
37.972589	,	-87.528641	,	1172
37.97259	,	-87.52864	,	1173
37.972591	,	-87.528639	,	1174
37.972592	,	-87.528638	,	1175
37.972593	,	-87.528637	,	1176
37.972594	,	-87.528636	,	1177
37.972595	,	-87.528635	,	1178
37.972596	,	-87.528634	,	1179
37.972597	,	-87.528633	,	1180
37.972598	,	-87.528632	,	1181
37.972599	,	-87.528631	,	1182
37.9726	,	-87.52863	,	1183
37.972601	,	-87.528629	,	1184
37.972602	,	-87.528628	,	1185
37.972603	,	-87.528627	,	1186
37.972604	,	-87.528626	,	1187
37.972605	,	-87.528625	,	1188
37.972606	,	-87.528624	,	1189
37.972607	,	-87.528623	,	1190
37.972608	,	-87.528622	,	1191
37.972609	,	-87.528621	,	1192
37.97261	,	-87.52862	,	1193
37.972611	,	-87.528619	,	1194
37.972612	,	-87.528618	,	1195
37.972613	,	-87.528617	,	1196
37.972614	,	-87.528616	,	1197
37.972615	,	-87.528615	,	1198
37.972616	,	-87.528614	,	1199
37.972617	,	-87.528613	,	1200
37.972618	,	-87.528612	,	1201
37.972619	,	-87.528611	,	1202
37.97262	,	-87.52861	,	1203
37.972621	,	-87.528609	,	1204
37.972622	,	-87.528608	,	1205
37.972623	,	-87.528607	,	1206
37.972624	,	-87.528606	,	1207
37.972625	,	-87.528605	,	1208
37.972626	,	-87.528604	,	1209
37.972627	,	-87.528603	,	1210
37.972628	,	-87.528602	,	1211
37.972629	,	-87.528601	,	1212
37.97263	,	-87.5286	,	1213
37.972631	,	-87.528599	,	1214
37.972632	,	-87.528598	,	1215
37.972633	,	-87.528597	,	1216
37.972634	,	-87.528596	,	1217
37.972635	,	-87.528595	,	1218
37.972636	,	-87.528594	,	1219
37.972637	,	-87.528593	,	1220
37.972638	,	-87.528592	,	1221
37.972639	,	-87.528591	,	1222
37.97264	,	-87.52859	,	1223
37.972641	,	-87.528589	,	1224
37.972642	,	-87.528588	,	1225
37.972643	,	-87.528587	,	1226
37.972644	,	-87.528586	,	1227
37.972645	,	-87.528585	,	1228
37.972646	,	-87.528584	,	1229
37.972647	,	-87.528583	,	1230
37.972648	,	-87.528582	,	1231
37.972649	,	-87.528581	,	1232
37.97265	,	-87.52858	,	1233
37.972651	,	-87.528579	,	1234
37.972652	,	-87.528578	,	1235
37.972653	,	-87.528577	,	1236
37.972654	,	-87.528576	,	1237
37.972655	,	-87.528575	,	1238
37.972656	,	-87.528574	,	1239
37.972657	,	-87.528573	,	1240
37.972658	,	-87.528572	,	1241
37.972659	,	-87.528571	,	1242
37.97266	,	-87.52857	,	1243
37.972661	,	-87.528569	,	1244
37.972662	,	-87.528568	,	1245
37.972663	,	-87.528567	,	1246
37.972664	,	-87.528566	,	1247
37.972665	,	-87.528565	,	1248
37.972666	,	-87.528564	,	1249
37.972667	,	-87.528563	,	1250
37.972668	,	-87.528562	,	1251
37.972669	,	-87.528561	,	1252
37.97267	,	-87.52856	,	1253
37.972671	,	-87.528559	,	1254
37.972672	,	-87.528558	,	1255
37.972673	,	-87.528557	,	1256
37.972674	,	-87.528556	,	1257
37.972675	,	-87.528555	,	1258
37.972676	,	-87.528554	,	1259
37.972677	,	-87.528553	,	1260
37.972678	,	-87.528552	,	1261
37.972679	,	-87.528551	,	1262
37.97268	,	-87.52855	,	1263
37.972681	,	-87.528549	,	1264
37.972682	,	-87.528548	,	1265
37.972683	,	-87.528547	,	1266
37.972684	,	-87.528546	,	1267
37.972685	,	-87.528545	,	1268
37.972686	,	-87.528544	,	1269
37.972687	,	-87.528543	,	1270
37.972688	,	-87.528542	,	1271
37.972689	,	-87.528541	,	1272
37.97269	,	-87.52854	,	1273
37.972691	,	-87.528539	,	1274
37.972692	,	-87.528538	,	1275
37.972693	,	-87.528537	,	1276
37.972694	,	-87.528536	,	1277
37.972695	,	-87.528535	,	1278
37.972696	,	-87.528534	,	1279
37.972697	,	-87.528533	,	1280
37.972698	,	-87.528532	,	1281
37.972699	,	-87.528531	,	1282
37.9727	,	-87.52853	,	1283
37.972701	,	-87.528529	,	1284
37.972702	,	-87.528528	,	1285
37.972703	,	-87.528527	,	1286
37.972704	,	-87.528526	,	1287
37.972705	,	-87.528525	,	1288
37.972706	,	-87.528524	,	1289
37.972707	,	-87.528523	,	1290
37.972708	,	-87.528522	,	1291
37.972709	,	-87.528521	,	1292
37.97271	,	-87.52852	,	1293
37.972711	,	-87.528519	,	1294
37.972712	,	-87.528518	,	1295
37.972713	,	-87.528517	,	1296
37.972714	,	-87.528516	,	1297
37.972715	,	-87.528515	,	1298
37.972716	,	-87.528514	,	1299
37.972717	,	-87.528513	,	1300
37.972718	,	-87.528512	,	1301
37.972719	,	-87.528511	,	1302
37.97272	,	-87.52851	,	1303
37.972721	,	-87.528509	,	1304
37.972722	,	-87.528508	,	1305
37.972723	,	-87.528507	,	1306
37.972724	,	-87.528506	,	1307
37.972725	,	-87.528505	,	1308
37.972726	,	-87.528504	,	1309
37.972727	,	-87.528503	,	1310
37.972728	,	-87.528502	,	1311
37.972729	,	-87.528501	,	1312
37.97273	,	-87.5285	,	1313
37.972731	,	-87.528499	,	1314
37.972732	,	-87.528498	,	1315
37.972733	,	-87.528497	,	1316
37.972734	,	-87.528496	,	1317
37.972735	,	-87.528495	,	1318
37.972736	,	-87.528494	,	1319
37.972737	,	-87.528493	,	1320
37.972738	,	-87.528492	,	1321
37.972739	,	-87.528491	,	1322
37.97274	,	-87.52849	,	1323
37.972741	,	-87.528489	,	1324
37.972742	,	-87.528488	,	1325
37.972743	,	-87.528487	,	1326
37.972744	,	-87.528486	,	1327
37.972745	,	-87.528485	,	1328
37.972746	,	-87.528484	,	1329
37.972747	,	-87.528483	,	1330
37.972748	,	-87.528482	,	1331
37.972749	,	-87.528481	,	1332
37.97275	,	-87.52848	,	1333
37.972751	,	-87.528479	,	1334
37.972752	,	-87.528478	,	1335
37.972753	,	-87.528477	,	1336
37.972754	,	-87.528476	,	1337
37.972755	,	-87.528475	,	1338
37.972756	,	-87.528474	,	1339
37.972757	,	-87.528473	,	1340
37.972758	,	-87.528472	,	1341
37.972759	,	-87.528471	,	1342
37.97276	,	-87.52847	,	1343
37.972761	,	-87.528469	,	1344
37.972762	,	-87.528468	,	1345
37.972763	,	-87.528467	,	1346
37.972764	,	-87.528466	,	1347
37.972765	,	-87.528465	,	1348
37.972766	,	-87.528464	,	1349
37.972767	,	-87.528463	,	1350
37.972768	,	-87.528462	,	1351
37.972769	,	-87.528461	,	1352
37.97277	,	-87.52846	,	1353
37.972771	,	-87.528459	,	1354
37.972772	,	-87.528458	,	1355
37.972773	,	-87.528457	,	1356
37.972774	,	-87.528456	,	1357
37.972775	,	-87.528455	,	1358
37.972776	,	-87.528454	,	1359
37.972777	,	-87.528453	,	1360
37.972778	,	-87.528452	,	1361
37.972779	,	-87.528451	,	1362
37.97278	,	-87.52845	,	1363
37.972781	,	-87.528449	,	1364
37.972782	,	-87.528448	,	1365
37.972783	,	-87.528447	,	1366
37.972784	,	-87.528446	,	1367
37.972785	,	-87.528445	,	1368
37.972786	,	-87.528444	,	1369
37.972787	,	-87.528443	,	1370
37.972788	,	-87.528442	,	1371
37.972789	,	-87.528441	,	1372
37.97279	,	-87.52844	,	1373
37.972791	,	-87.528439	,	1374
37.972792	,	-87.528438	,	1375
37.972793	,	-87.528437	,	1376
37.972794	,	-87.528436	,	1377
37.972795	,	-87.528435	,	1378
37.972796	,	-87.528434	,	1379
37.972797	,	-87.528433	,	1380
37.972798	,	-87.528432	,	1381
37.972799	,	-87.528431	,	1382
37.9728	,	-87.52843	,	1383
37.972801	,	-87.528429	,	1384
37.972802	,	-87.528428	,	1385
37.972803	,	-87.528427	,	1386
37.972804	,	-87.528426	,	1387
37.972805	,	-87.528425	,	1388
37.972806	,	-87.528424	,	1389
37.972807	,	-87.528423	,	1390
37.972808	,	-87.528422	,	1391
37.972809	,	-87.528421	,	1392
37.97281	,	-87.52842	,	1393
37.972811	,	-87.528419	,	1394
37.972812	,	-87.528418	,	1395
37.972813	,	-87.528417	,	1396
37.972814	,	-87.528416	,	1397
37.972815	,	-87.528415	,	1398
37.972816	,	-87.528414	,	1399
37.972817	,	-87.528413	,	1400
37.972818	,	-87.528412	,	1401
37.972819	,	-87.528411	,	1402
37.97282	,	-87.52841	,	1403
37.972821	,	-87.528409	,	1404
37.972822	,	-87.528408	,	1405
37.972823	,	-87.528407	,	1406
37.972824	,	-87.528406	,	1407
37.972825	,	-87.528405	,	1408
37.972826	,	-87.528404	,	1409
37.972827	,	-87.528403	,	1410
37.972828	,	-87.528402	,	1411
37.972829	,	-87.528401	,	1412
37.97283	,	-87.5284	,	1413
37.972831	,	-87.528399	,	1414
37.972832	,	-87.528398	,	1415
37.972833	,	-87.528397	,	1416
37.972834	,	-87.528396	,	1417
37.972835	,	-87.528395	,	1418
37.972836	,	-87.528394	,	1419
37.972837	,	-87.528393	,	1420
37.972838	,	-87.528392	,	1421
37.972839	,	-87.528391	,	1422
37.97284	,	-87.52839	,	1423
37.972841	,	-87.528389	,	1424
37.972842	,	-87.528388	,	1425
37.972843	,	-87.528387	,	1426
37.972844	,	-87.528386	,	1427
37.972845	,	-87.528385	,	1428
37.972846	,	-87.528384	,	1429
37.972847	,	-87.528383	,	1430
37.972848	,	-87.528382	,	1431
37.972849	,	-87.528381	,	1432
37.97285	,	-87.52838	,	1433
37.972851	,	-87.528379	,	1434
37.972852	,	-87.528378	,	1435
37.972853	,	-87.528377	,	1436
37.972854	,	-87.528376	,	1437
37.972855	,	-87.528375	,	1438
37.972856	,	-87.528374	,	1439
37.972857	,	-87.528373	,	1440
37.972858	,	-87.528372	,	1441
37.972859	,	-87.528371	,	1442
37.97286	,	-87.52837	,	1443
37.972861	,	-87.528369	,	1444
37.972862	,	-87.528368	,	1445
37.972863	,	-87.528367	,	1446
37.972864	,	-87.528366	,	1447
37.972865	,	-87.528365	,	1448
37.972866	,	-87.528364	,	1449
37.972867	,	-87.528363	,	1450
37.972868	,	-87.528362	,	1451
37.972869	,	-87.528361	,	1452
37.97287	,	-87.52836	,	1453
37.972871	,	-87.528359	,	1454
37.972872	,	-87.528358	,	1455
37.972873	,	-87.528357	,	1456
37.972874	,	-87.528356	,	1457
37.972875	,	-87.528355	,	1458
37.972876	,	-87.528354	,	1459
37.972877	,	-87.528353	,	1460
37.972878	,	-87.528352	,	1461
37.972879	,	-87.528351	,	1462
37.97288	,	-87.52835	,	1463
37.972881	,	-87.528349	,	1464
37.972882	,	-87.528348	,	1465
37.972883	,	-87.528347	,	1466
37.972884	,	-87.528346	,	1467
37.972885	,	-87.528345	,	1468
37.972886	,	-87.528344	,	1469
37.972887	,	-87.528343	,	1470
37.972888	,	-87.528342	,	1471
37.972889	,	-87.528341	,	1472
37.97289	,	-87.52834	,	1473
37.972891	,	-87.528339	,	1474
37.972892	,	-87.528338	,	1475
37.972893	,	-87.528337	,	1476
37.972894	,	-87.528336	,	1477
37.972895	,	-87.528335	,	1478
37.972896	,	-87.528334	,	1479
37.972897	,	-87.528333	,	1480
37.972898	,	-87.528332	,	1481
37.972899	,	-87.528331	,	1482
37.9729	,	-87.52833	,	1483
37.972901	,	-87.528329	,	1484
37.972902	,	-87.528328	,	1485
37.972903	,	-87.528327	,	1486
37.972904	,	-87.528326	,	1487
37.972905	,	-87.528325	,	1488
37.972906	,	-87.528324	,	1489
37.972907	,	-87.528323	,	1490
37.972908	,	-87.528322	,	1491
37.972909	,	-87.528321	,	1492
37.97291	,	-87.52832	,	1493
37.972911	,	-87.528319	,	1494
37.972912	,	-87.528318	,	1495
37.972913	,	-87.528317	,	1496
37.972914	,	-87.528316	,	1497
37.972915	,	-87.528315	,	1498
37.972916	,	-87.528314	,	1499
37.972917	,	-87.528313	,	1500
37.972918	,	-87.528312	,	1501
37.972919	,	-87.528311	,	1502
37.97292	,	-87.52831	,	1503
37.972921	,	-87.528309	,	1504
37.972922	,	-87.528308	,	1505
37.972923	,	-87.528307	,	1506
37.972924	,	-87.528306	,	1507
37.972925	,	-87.528305	,	1508
37.972926	,	-87.528304	,	1509
37.972927	,	-87.528303	,	1510
37.972928	,	-87.528302	,	1511
37.972929	,	-87.528301	,	1512
37.97293	,	-87.5283	,	1513
37.972931	,	-87.528299	,	1514
37.972932	,	-87.528298	,	1515
37.972933	,	-87.528297	,	1516
37.972934	,	-87.528296	,	1517
37.972935	,	-87.528295	,	1518
37.972936	,	-87.528294	,	1519
37.972937	,	-87.528293	,	1520
37.972938	,	-87.528292	,	1521
37.972939	,	-87.528291	,	1522
37.97294	,	-87.52829	,	1523
37.972941	,	-87.528289	,	1524
37.972942	,	-87.528288	,	1525
37.972943	,	-87.528287	,	1526
37.972944	,	-87.528286	,	1527
37.972945	,	-87.528285	,	1528
37.972946	,	-87.528284	,	1529
37.972947	,	-87.528283	,	1530
37.972948	,	-87.528282	,	1531
37.972949	,	-87.528281	,	1532
37.97295	,	-87.52828	,	1533
37.972951	,	-87.528279	,	1534
37.972952	,	-87.528278	,	1535
37.972953	,	-87.528277	,	1536
37.972954	,	-87.528276	,	1537
37.972955	,	-87.528275	,	1538
37.972956	,	-87.528274	,	1539
37.972957	,	-87.528273	,	1540
37.972958	,	-87.528272	,	1541
37.972959	,	-87.528271	,	1542
37.97296	,	-87.52827	,	1543
37.972961	,	-87.528269	,	1544
37.972962	,	-87.528268	,	1545
37.972963	,	-87.528267	,	1546
37.972964	,	-87.528266	,	1547
37.972965	,	-87.528265	,	1548
37.972966	,	-87.528264	,	1549
37.972967	,	-87.528263	,	1550
37.972968	,	-87.528262	,	1551
37.972969	,	-87.528261	,	1552
37.97297	,	-87.52826	,	1553
37.972971	,	-87.528259	,	1554
37.972972	,	-87.528258	,	1555
37.972973	,	-87.528257	,	1556
37.972974	,	-87.528256	,	1557
37.972975	,	-87.528255	,	1558
37.972976	,	-87.528254	,	1559
37.972977	,	-87.528253	,	1560
37.972978	,	-87.528252	,	1561
37.972979	,	-87.528251	,	1562
37.97298	,	-87.52825	,	1563
37.972981	,	-87.528249	,	1564
37.972982	,	-87.528248	,	1565
37.972983	,	-87.528247	,	1566
37.972984	,	-87.528246	,	1567
37.972985	,	-87.528245	,	1568
37.972986	,	-87.528244	,	1569
37.972987	,	-87.528243	,	1570
37.972988	,	-87.528242	,	1571
37.972989	,	-87.528241	,	1572
37.97299	,	-87.52824	,	1573
37.972991	,	-87.528239	,	1574
37.972992	,	-87.528238	,	1575
37.972993	,	-87.528237	,	1576
37.972994	,	-87.528236	,	1577
37.972995	,	-87.528235	,	1578
37.972996	,	-87.528234	,	1579
37.972997	,	-87.528233	,	1580
37.972998	,	-87.528232	,	1581
37.972999	,	-87.528231	,	1582
37.973	,	-87.52823	,	1583
37.973001	,	-87.528229	,	1584
37.973002	,	-87.528228	,	1585
37.973003	,	-87.528227	,	1586
37.973004	,	-87.528226	,	1587
37.973005	,	-87.528225	,	1588
37.973006	,	-87.528224	,	1589
37.973007	,	-87.528223	,	1590
37.973008	,	-87.528222	,	1591
37.973009	,	-87.528221	,	1592
37.97301	,	-87.52822	,	1593
37.973011	,	-87.528219	,	1594
37.973012	,	-87.528218	,	1595
37.973013	,	-87.528217	,	1596
37.973014	,	-87.528216	,	1597
37.973015	,	-87.528215	,	1598
37.973016	,	-87.528214	,	1599
37.973017	,	-87.528213	,	1600
37.973018	,	-87.528212	,	1601
37.973019	,	-87.528211	,	1602
37.97302	,	-87.52821	,	1603
37.973021	,	-87.528209	,	1604
37.973022	,	-87.528208	,	1605
37.973023	,	-87.528207	,	1606
37.973024	,	-87.528206	,	1607
37.973025	,	-87.528205	,	1608
37.973026	,	-87.528204	,	1609
37.973027	,	-87.528203	,	1610
37.973028	,	-87.528202	,	1611
37.973029	,	-87.528201	,	1612
37.97303	,	-87.5282	,	1613
37.973031	,	-87.528199	,	1614
37.973032	,	-87.528198	,	1615
37.973033	,	-87.528197	,	1616
37.973034	,	-87.528196	,	1617
37.973035	,	-87.528195	,	1618
37.973036	,	-87.528194	,	1619
37.973037	,	-87.528193	,	1620
37.973038	,	-87.528192	,	1621
37.973039	,	-87.528191	,	1622
37.97304	,	-87.52819	,	1623
37.973041	,	-87.528189	,	1624
37.973042	,	-87.528188	,	1625
37.973043	,	-87.528187	,	1626
37.973044	,	-87.528186	,	1627
37.973045	,	-87.528185	,	1628
37.973046	,	-87.528184	,	1629
37.973047	,	-87.528183	,	1630
37.973048	,	-87.528182	,	1631
37.973049	,	-87.528181	,	1632
37.97305	,	-87.52818	,	1633
37.973051	,	-87.528179	,	1634
37.973052	,	-87.528178	,	1635
37.973053	,	-87.528177	,	1636
37.973054	,	-87.528176	,	1637
37.973055	,	-87.528175	,	1638
37.973056	,	-87.528174	,	1639
37.973057	,	-87.528173	,	1640
37.973058	,	-87.528172	,	1641
37.973059	,	-87.528171	,	1642
37.97306	,	-87.52817	,	1643
37.973061	,	-87.528169	,	1644
37.973062	,	-87.528168	,	1645
37.973063	,	-87.528167	,	1646
37.973064	,	-87.528166	,	1647
37.973065	,	-87.528165	,	1648
37.973066	,	-87.528164	,	1649
37.973067	,	-87.528163	,	1650
37.973068	,	-87.528162	,	1651
37.973069	,	-87.528161	,	1652
37.97307	,	-87.52816	,	1653
37.973071	,	-87.528159	,	1654
37.973072	,	-87.528158	,	1655
37.973073	,	-87.528157	,	1656
37.973074	,	-87.528156	,	1657
37.973075	,	-87.528155	,	1658
37.973076	,	-87.528154	,	1659
37.973077	,	-87.528153	,	1660
37.973078	,	-87.528152	,	1661
37.973079	,	-87.528151	,	1662
37.97308	,	-87.52815	,	1663
37.973081	,	-87.528149	,	1664
37.973082	,	-87.528148	,	1665
37.973083	,	-87.528147	,	1666
37.973084	,	-87.528146	,	1667
37.973085	,	-87.528145	,	1668
37.973086	,	-87.528144	,	1669
37.973087	,	-87.528143	,	1670
37.973088	,	-87.528142	,	1671
37.973089	,	-87.528141	,	1672
37.97309	,	-87.52814	,	1673
37.973091	,	-87.528139	,	1674
37.973092	,	-87.528138	,	1675
37.973093	,	-87.528137	,	1676
37.973094	,	-87.528136	,	1677
37.973095	,	-87.528135	,	1678
37.973096	,	-87.528134	,	1679
37.973097	,	-87.528133	,	1680
37.973098	,	-87.528132	,	1681
37.973099	,	-87.528131	,	1682
37.9731	,	-87.52813	,	1683
37.973101	,	-87.528129	,	1684
37.973102	,	-87.528128	,	1685
37.973103	,	-87.528127	,	1686
37.973104	,	-87.528126	,	1687
37.973105	,	-87.528125	,	1688
37.973106	,	-87.528124	,	1689
37.973107	,	-87.528123	,	1690
37.973108	,	-87.528122	,	1691
37.973109	,	-87.528121	,	1692
37.97311	,	-87.52812	,	1693
37.973111	,	-87.528119	,	1694
37.973112	,	-87.528118	,	1695
37.973113	,	-87.528117	,	1696
37.973114	,	-87.528116	,	1697
37.973115	,	-87.528115	,	1698
37.973116	,	-87.528114	,	1699
37.973117	,	-87.528113	,	1700
37.973118	,	-87.528112	,	1701
37.973119	,	-87.528111	,	1702
37.97312	,	-87.52811	,	1703
37.973121	,	-87.528109	,	1704
37.973122	,	-87.528108	,	1705
37.973123	,	-87.528107	,	1706
37.973124	,	-87.528106	,	1707
37.973125	,	-87.528105	,	1708
37.973126	,	-87.528104	,	1709
37.973127	,	-87.528103	,	1710
37.973128	,	-87.528102	,	1711
37.973129	,	-87.528101	,	1712
37.97313	,	-87.5281	,	1713
37.973131	,	-87.528099	,	1714
37.973132	,	-87.528098	,	1715
37.973133	,	-87.528097	,	1716
37.973134	,	-87.528096	,	1717
37.973135	,	-87.528095	,	1718
37.973136	,	-87.528094	,	1719
37.973137	,	-87.528093	,	1720
37.973138	,	-87.528092	,	1721
37.973139	,	-87.528091	,	1722
37.97314	,	-87.52809	,	1723
37.973141	,	-87.528089	,	1724
37.973142	,	-87.528088	,	1725
37.973143	,	-87.528087	,	1726
37.973144	,	-87.528086	,	1727
37.973145	,	-87.528085	,	1728
37.973146	,	-87.528084	,	1729
37.973147	,	-87.528083	,	1730
37.973148	,	-87.528082	,	1731
37.973149	,	-87.528081	,	1732
37.97315	,	-87.52808	,	1733
37.973151	,	-87.528079	,	1734
37.973152	,	-87.528078	,	1735
37.973153	,	-87.528077	,	1736
37.973154	,	-87.528076	,	1737
37.973155	,	-87.528075	,	1738
37.973156	,	-87.528074	,	1739
37.973157	,	-87.528073	,	1740
37.973158	,	-87.528072	,	1741
37.973159	,	-87.528071	,	1742
37.97316	,	-87.52807	,	1743
37.973161	,	-87.528069	,	1744
37.973162	,	-87.528068	,	1745
37.973163	,	-87.528067	,	1746
37.973164	,	-87.528066	,	1747
37.973165	,	-87.528065	,	1748
37.973166	,	-87.528064	,	1749
37.973167	,	-87.528063	,	1750
37.973168	,	-87.528062	,	1751
37.973169	,	-87.528061	,	1752
37.97317	,	-87.52806	,	1753
37.973171	,	-87.528059	,	1754
37.973172	,	-87.528058	,	1755
37.973173	,	-87.528057	,	1756
37.973174	,	-87.528056	,	1757
37.973175	,	-87.528055	,	1758
37.973176	,	-87.528054	,	1759
37.973177	,	-87.528053	,	1760
37.973178	,	-87.528052	,	1761
37.973179	,	-87.528051	,	1762
37.97318	,	-87.52805	,	1763
37.973181	,	-87.528049	,	1764
37.973182	,	-87.528048	,	1765
37.973183	,	-87.528047	,	1766
37.973184	,	-87.528046	,	1767
37.973185	,	-87.528045	,	1768
37.973186	,	-87.528044	,	1769
37.973187	,	-87.528043	,	1770
37.973188	,	-87.528042	,	1771
37.973189	,	-87.528041	,	1772
37.97319	,	-87.52804	,	1773
37.973191	,	-87.528039	,	1774
37.973192	,	-87.528038	,	1775
37.973193	,	-87.528037	,	1776
37.973194	,	-87.528036	,	1777
37.973195	,	-87.528035	,	1778
37.973196	,	-87.528034	,	1779
37.973197	,	-87.528033	,	1780
37.973198	,	-87.528032	,	1781
37.973199	,	-87.528031	,	1782
37.9732	,	-87.52803	,	1783
37.973201	,	-87.528029	,	1784
37.973202	,	-87.528028	,	1785
37.973203	,	-87.528027	,	1786
37.973204	,	-87.528026	,	1787
37.973205	,	-87.528025	,	1788
37.973206	,	-87.528024	,	1789
37.973207	,	-87.528023	,	1790
37.973208	,	-87.528022	,	1791
37.973209	,	-87.528021	,	1792
37.97321	,	-87.52802	,	1793
37.973211	,	-87.528019	,	1794
37.973212	,	-87.528018	,	1795
37.973213	,	-87.528017	,	1796
37.973214	,	-87.528016	,	1797
37.973215	,	-87.528015	,	1798
37.973216	,	-87.528014	,	1799
37.973217	,	-87.528013	,	1800
37.973218	,	-87.528012	,	1801
37.973219	,	-87.528011	,	1802
37.97322	,	-87.52801	,	1803
37.973221	,	-87.528009	,	1804
37.973222	,	-87.528008	,	1805
37.973223	,	-87.528007	,	1806
37.973224	,	-87.528006	,	1807
37.973225	,	-87.528005	,	1808
37.973226	,	-87.528004	,	1809
37.973227	,	-87.528003	,	1810
37.973228	,	-87.528002	,	1811
37.973229	,	-87.528001	,	1812
37.97323	,	-87.528	,	1813
37.973231	,	-87.527999	,	1814
37.973232	,	-87.527998	,	1815
37.973233	,	-87.527997	,	1816
37.973234	,	-87.527996	,	1817
37.973235	,	-87.527995	,	1818
37.973236	,	-87.527994	,	1819
37.973237	,	-87.527993	,	1820
37.973238	,	-87.527992	,	1821
37.973239	,	-87.527991	,	1822
37.97324	,	-87.52799	,	1823
37.973241	,	-87.527989	,	1824
37.973242	,	-87.527988	,	1825
37.973243	,	-87.527987	,	1826
37.973244	,	-87.527986	,	1827
37.973245	,	-87.527985	,	1828
37.973246	,	-87.527984	,	1829
37.973247	,	-87.527983	,	1830
37.973248	,	-87.527982	,	1831
37.973249	,	-87.527981	,	1832
37.97325	,	-87.52798	,	1833
37.973251	,	-87.527979	,	1834
37.973252	,	-87.527978	,	1835
37.973253	,	-87.527977	,	1836
37.973254	,	-87.527976	,	1837
37.973255	,	-87.527975	,	1838
37.973256	,	-87.527974	,	1839
37.973257	,	-87.527973	,	1840
37.973258	,	-87.527972	,	1841
37.973259	,	-87.527971	,	1842
37.97326	,	-87.52797	,	1843
37.973261	,	-87.527969	,	1844
37.973262	,	-87.527968	,	1845
37.973263	,	-87.527967	,	1846
37.973264	,	-87.527966	,	1847
37.973265	,	-87.527965	,	1848
37.973266	,	-87.527964	,	1849
37.973267	,	-87.527963	,	1850
37.973268	,	-87.527962	,	1851
37.973269	,	-87.527961	,	1852
37.97327	,	-87.52796	,	1853
37.973271	,	-87.527959	,	1854
37.973272	,	-87.527958	,	1855
37.973273	,	-87.527957	,	1856
37.973274	,	-87.527956	,	1857
37.973275	,	-87.527955	,	1858
37.973276	,	-87.527954	,	1859
37.973277	,	-87.527953	,	1860
37.973278	,	-87.527952	,	1861
37.973279	,	-87.527951	,	1862
37.97328	,	-87.52795	,	1863
37.973281	,	-87.527949	,	1864
37.973282	,	-87.527948	,	1865
37.973283	,	-87.527947	,	1866
37.973284	,	-87.527946	,	1867
37.973285	,	-87.527945	,	1868
37.973286	,	-87.527944	,	1869
37.973287	,	-87.527943	,	1870
37.973288	,	-87.527942	,	1871
37.973289	,	-87.527941	,	1872
37.97329	,	-87.52794	,	1873
37.973291	,	-87.527939	,	1874
37.973292	,	-87.527938	,	1875
37.973293	,	-87.527937	,	1876
37.973294	,	-87.527936	,	1877
37.973295	,	-87.527935	,	1878
37.973296	,	-87.527934	,	1879
37.973297	,	-87.527933	,	1880
37.973298	,	-87.527932	,	1881
37.973299	,	-87.527931	,	1882
37.9733	,	-87.52793	,	1883
37.973301	,	-87.527929	,	1884
37.973302	,	-87.527928	,	1885
37.973303	,	-87.527927	,	1886
37.973304	,	-87.527926	,	1887
37.973305	,	-87.527925	,	1888
37.973306	,	-87.527924	,	1889
37.973307	,	-87.527923	,	1890
37.973308	,	-87.527922	,	1891
37.973309	,	-87.527921	,	1892
37.97331	,	-87.52792	,	1893
37.973311	,	-87.527919	,	1894
37.973312	,	-87.527918	,	1895
37.973313	,	-87.527917	,	1896
37.973314	,	-87.527916	,	1897
37.973315	,	-87.527915	,	1898
37.973316	,	-87.527914	,	1899
37.973317	,	-87.527913	,	1900
37.973318	,	-87.527912	,	1901
37.973319	,	-87.527911	,	1902
37.97332	,	-87.52791	,	1903
37.973321	,	-87.527909	,	1904
37.973322	,	-87.527908	,	1905
37.973323	,	-87.527907	,	1906
37.973324	,	-87.527906	,	1907
37.973325	,	-87.527905	,	1908
37.973326	,	-87.527904	,	1909
37.973327	,	-87.527903	,	1910
37.973328	,	-87.527902	,	1911
37.973329	,	-87.527901	,	1912
37.97333	,	-87.5279	,	1913
37.973331	,	-87.527899	,	1914
37.973332	,	-87.527898	,	1915
37.973333	,	-87.527897	,	1916
37.973334	,	-87.527896	,	1917
37.973335	,	-87.527895	,	1918
37.973336	,	-87.527894	,	1919
37.973337	,	-87.527893	,	1920
37.973338	,	-87.527892	,	1921
37.973339	,	-87.527891	,	1922
37.97334	,	-87.52789	,	1923
37.973341	,	-87.527889	,	1924
37.973342	,	-87.527888	,	1925
37.973343	,	-87.527887	,	1926
37.973344	,	-87.527886	,	1927
37.973345	,	-87.527885	,	1928
37.973346	,	-87.527884	,	1929
37.973347	,	-87.527883	,	1930
37.973348	,	-87.527882	,	1931
37.973349	,	-87.527881	,	1932
37.97335	,	-87.52788	,	1933
37.973351	,	-87.527879	,	1934
37.973352	,	-87.527878	,	1935
37.973353	,	-87.527877	,	1936
37.973354	,	-87.527876	,	1937
37.973355	,	-87.527875	,	1938
37.973356	,	-87.527874	,	1939
37.973357	,	-87.527873	,	1940
37.973358	,	-87.527872	,	1941
37.973359	,	-87.527871	,	1942
37.97336	,	-87.52787	,	1943
37.973361	,	-87.527869	,	1944
37.973362	,	-87.527868	,	1945
37.973363	,	-87.527867	,	1946
37.973364	,	-87.527866	,	1947
37.973365	,	-87.527865	,	1948
37.973366	,	-87.527864	,	1949
37.973367	,	-87.527863	,	1950
37.973368	,	-87.527862	,	1951
37.973369	,	-87.527861	,	1952
37.97337	,	-87.52786	,	1953
37.973371	,	-87.527859	,	1954
37.973372	,	-87.527858	,	1955
37.973373	,	-87.527857	,	1956
37.973374	,	-87.527856	,	1957
37.973375	,	-87.527855	,	1958
37.973376	,	-87.527854	,	1959
37.973377	,	-87.527853	,	1960
37.973378	,	-87.527852	,	1961
37.973379	,	-87.527851	,	1962
37.97338	,	-87.52785	,	1963
37.973381	,	-87.527849	,	1964
37.973382	,	-87.527848	,	1965
37.973383	,	-87.527847	,	1966
37.973384	,	-87.527846	,	1967
37.973385	,	-87.527845	,	1968
37.973386	,	-87.527844	,	1969
37.973387	,	-87.527843	,	1970
37.973388	,	-87.527842	,	1971
37.973389	,	-87.527841	,	1972
37.97339	,	-87.52784	,	1973
37.973391	,	-87.527839	,	1974
37.973392	,	-87.527838	,	1975
37.973393	,	-87.527837	,	1976
37.973394	,	-87.527836	,	1977
37.973395	,	-87.527835	,	1978
37.973396	,	-87.527834	,	1979
37.973397	,	-87.527833	,	1980
37.973398	,	-87.527832	,	1981
37.973399	,	-87.527831	,	1982
37.9734	,	-87.52783	,	1983
37.973401	,	-87.527829	,	1984
37.973402	,	-87.527828	,	1985
37.973403	,	-87.527827	,	1986
37.973404	,	-87.527826	,	1987
37.973405	,	-87.527825	,	1988
37.973406	,	-87.527824	,	1989
37.973407	,	-87.527823	,	1990
37.973408	,	-87.527822	,	1991
37.973409	,	-87.527821	,	1992
37.97341	,	-87.52782	,	1993
37.973411	,	-87.527819	,	1994
37.973412	,	-87.527818	,	1995
37.973413	,	-87.527817	,	1996
37.973414	,	-87.527816	,	1997
37.973415	,	-87.527815	,	1998
37.973416	,	-87.527814	,	1999
37.973417	,	-87.527813	,	2000
37.973418	,	-87.527812	,	2001
37.973419	,	-87.527811	,	2002
37.97342	,	-87.52781	,	2003
37.973421	,	-87.527809	,	2004
37.973422	,	-87.527808	,	2005
37.973423	,	-87.527807	,	2006
37.973424	,	-87.527806	,	2007
37.973425	,	-87.527805	,	2008
37.973426	,	-87.527804	,	2009
37.973427	,	-87.527803	,	2010
37.973428	,	-87.527802	,	2011
37.973429	,	-87.527801	,	2012
37.97343	,	-87.5278	,	2013
37.973431	,	-87.527799	,	2014
37.973432	,	-87.527798	,	2015
37.973433	,	-87.527797	,	2016
37.973434	,	-87.527796	,	2017
37.973435	,	-87.527795	,	2018
37.973436	,	-87.527794	,	2019
37.973437	,	-87.527793	,	2020
37.973438	,	-87.527792	,	2021
37.973439	,	-87.527791	,	2022
37.97344	,	-87.52779	,	2023
37.973441	,	-87.527789	,	2024
37.973442	,	-87.527788	,	2025
37.973443	,	-87.527787	,	2026
37.973444	,	-87.527786	,	2027
37.973445	,	-87.527785	,	2028
37.973446	,	-87.527784	,	2029
37.973447	,	-87.527783	,	2030
37.973448	,	-87.527782	,	2031
37.973449	,	-87.527781	,	2032
37.97345	,	-87.52778	,	2033
37.973451	,	-87.527779	,	2034
37.973452	,	-87.527778	,	2035
37.973453	,	-87.527777	,	2036
37.973454	,	-87.527776	,	2037
37.973455	,	-87.527775	,	2038
37.973456	,	-87.527774	,	2039
37.973457	,	-87.527773	,	2040
37.973458	,	-87.527772	,	2041
37.973459	,	-87.527771	,	2042
37.97346	,	-87.52777	,	2043
37.973461	,	-87.527769	,	2044
37.973462	,	-87.527768	,	2045
37.973463	,	-87.527767	,	2046
37.973464	,	-87.527766	,	2047
37.973465	,	-87.527765	,	2048
37.973466	,	-87.527764	,	2049
37.973467	,	-87.527763	,	2050
37.973468	,	-87.527762	,	2051
37.973469	,	-87.527761	,	2052
37.97347	,	-87.52776	,	2053
37.973471	,	-87.527759	,	2054
37.973472	,	-87.527758	,	2055
37.973473	,	-87.527757	,	2056
37.973474	,	-87.527756	,	2057
37.973475	,	-87.527755	,	2058
37.973476	,	-87.527754	,	2059
37.973477	,	-87.527753	,	2060
37.973478	,	-87.527752	,	2061
37.973479	,	-87.527751	,	2062
37.97348	,	-87.52775	,	2063
37.973481	,	-87.527749	,	2064
37.973482	,	-87.527748	,	2065
37.973483	,	-87.527747	,	2066
37.973484	,	-87.527746	,	2067
37.973485	,	-87.527745	,	2068
37.973486	,	-87.527744	,	2069
37.973487	,	-87.527743	,	2070
37.973488	,	-87.527742	,	2071
37.973489	,	-87.527741	,	2072
37.97349	,	-87.52774	,	2073
37.973491	,	-87.527739	,	2074
37.973492	,	-87.527738	,	2075
37.973493	,	-87.527737	,	2076
37.973494	,	-87.527736	,	2077
37.973495	,	-87.527735	,	2078
37.973496	,	-87.527734	,	2079
37.973497	,	-87.527733	,	2080
37.973498	,	-87.527732	,	2081
37.973499	,	-87.527731	,	2082
37.9735	,	-87.52773	,	2083
37.973501	,	-87.527729	,	2084
37.973502	,	-87.527728	,	2085
37.973503	,	-87.527727	,	2086
37.973504	,	-87.527726	,	2087
37.973505	,	-87.527725	,	2088
37.973506	,	-87.527724	,	2089
37.973507	,	-87.527723	,	2090
37.973508	,	-87.527722	,	2091
37.973509	,	-87.527721	,	2092
37.97351	,	-87.52772	,	2093
37.973511	,	-87.527719	,	2094
37.973512	,	-87.527718	,	2095
37.973513	,	-87.527717	,	2096
37.973514	,	-87.527716	,	2097
37.973515	,	-87.527715	,	2098
37.973516	,	-87.527714	,	2099
